data;
param xtp: 1 2 3 :=
1	0	0	0
2	0.045335	0.18487	1.1566
3	-0.54348	-0.15942	-0.99781
4	0.41739	0.46298	-0.92481
5	-0.56181	-0.29444	0.94015
6	0.14047	0.1709	-1.1395
7	-0.094684	-0.49708	-0.99825
8	-0.099885	1.1685	0.049514
9	-0.12008	-0.89243	-0.67318
10	0.83435	-0.34446	0.77812
11	-0.055182	0.97196	-0.56759
12	-1.1581	0.20729	0.0085091
13	0.4561	-0.98764	0.26154
14	0.99477	-0.133	0.51655
15	-0.78261	-0.7382	0.26963
16	-0.07685	0.12442	-1.1483
17	-0.31611	-0.40506	1.0493
18	-0.1285	0.21449	-1.1273
19	0.64678	-0.91941	0.20452
20	1.1094	0.24064	0.25946
21	0.36427	0.3754	1.0407
22	-0.092759	-0.43516	0.6742
23	0.29048	-0.22711	-0.96486
24	-0.33548	-0.39917	0.62781
25	0.2805	-0.24511	0.37478
26	0.12995	0.42766	0.52801
27	-0.33858	0.43329	-0.95221
28	0.22399	-0.31736	-0.97048
29	0.0415	0.41881	0.7234
30	0.32984	0.1217	-0.97048
31	-0.26899	0.45859	-0.95923
32	0.33855	-0.16554	0.53363
33	0.069333	-0.4204	-0.96907
34	-0.1186	0.45831	0.70794
35	0.28205	0.26362	-0.95361
36	-0.43402	0.36708	-0.96345
37	0.28682	-0.22796	-0.754
38	0.30608	0.15125	0.71918
39	-0.24271	-0.18466	-1
40	-0.34251	0.42879	0.4774
41	0.17156	-0.35813	-0.11722
42	0.12376	-0.35672	0.70091
43	-0.36795	0.30762	0.7248
44	-0.14256	0.48277	-0.14814
45	-0.33056	0.43258	0.24967
46	-0.51654	0.004813	-0.99016
47	-0.42812	-0.33367	0.15971
48	-0.047846	-0.4062	-0.98173
49	0.047995	-0.43207	0.059904
50	-0.23048	-0.44345	-0.33791
51	-0.070296	0.48291	-0.4841
52	-0.49264	-0.2385	-0.97751
53	-0.054973	0.48207	-0.9508
54	-0.40788	0.020191	0.7234
55	-0.56236	-0.077969	-0.97048
56	-0.5067	-0.18382	0.72059
57	0.27881	0.26137	-0.73573
58	-0.18479	-0.45118	0.30028
59	0.1135	-0.39749	-0.70902
60	-0.53074	-0.12155	0.71918
61	0.16467	-0.34477	-0.98032
62	-0.15517	-0.45878	-0.66122
63	-0.4045	0.38802	-0.21983
64	0.30257	0.23382	0.2806
65	0.22652	0.3422	-0.20437
66	-0.54339	0.19031	0.083801
;
param alp:=
1	-14.019
2	-0.29709
3	0.15316
4	-0.0443
5	4.3676
6	-0.13803
7	-0.016314
8	-0.95916
9	86.601
10	0.96361
11	0.99153
12	2.5462
13	22.881
14	-1.9067
15	-1.9418
16	0.31948
17	22.456
18	0.39307
19	1.4306
20	-2.7915
21	25.919
22	2.4935
23	0.39944
24	2.4963
25	73.52
26	1.6573
27	3.6407
28	1.4271
29	1.5452
30	0.033901
31	-0.54845
32	0.10743
33	5.7185
34	-0.040953
35	1.141
36	0.11964
37	2.1054
38	-0.62948
39	0.14989
40	-0.10706
41	3.2145
42	0.0052405
43	-0.86004
44	0.12884
45	3.5775
46	1.024
47	-0.044648
48	0.081754
49	1.2214
50	-0.31227
51	0.2844
52	0.033521
53	0.85936
54	-0.18739
55	0.035843
56	-0.025979
57	3.1635
58	0.57942
59	0.55741
60	-0.078542
61	13.189
62	-0.097189
63	-0.79347
64	0.39868
65	8.0557
66	0.31541
67	0.075596
68	-1.2171
69	14.787
70	-0.95237
71	2.1518
72	1.6287
73	0.79971
74	-0.089929
75	0.18614
76	-0.10498
77	0.84631
78	-0.33077
79	0.041861
80	-0.10837
81	7.2016
82	-0.36854
83	-0.33334
84	-1.302
85	-2.7454
86	0.23439
87	-0.049382
88	-0.46777
89	-5.2078
90	0.56303
91	-0.22123
92	0.4465
93	-5.1394
94	0.53268
95	-0.1128
96	-0.78841
97	-0.28218
98	-0.32368
99	0.35911
100	-0.16388
101	0.52586
102	0.036637
103	-0.072207
104	0.023101
105	-4.1779
106	-0.20989
107	0.32043
108	0.70199
109	-7.0775
110	0.8064
111	-0.38218
112	0.66457
113	-2.8764
114	-0.54048
115	-0.12084
116	-0.39652
117	-15.979
118	1.5118
119	-0.40785
120	1.2266
121	-5.0014
122	-0.58503
123	0.73138
124	0.41538
125	-1.5824
126	-0.43522
127	-0.12645
128	-0.14954
129	-17.245
130	3.3241
131	-0.021523
132	1.3392
133	-2.2216
134	-0.081348
135	0.43184
136	-0.26045
137	-21.201
138	0.40818
139	-1.323
140	2.0429
141	-3.5341
142	-0.21791
143	0.55345
144	-0.033804
145	-1.8309
146	-0.0014595
147	-0.069194
148	0.012322
149	-5.9978
150	-0.069763
151	-0.3571
152	-1.1468
153	-12.684
154	-0.2782
155	-0.48633
156	0.2464
157	0.46997
158	-0.19447
159	0.10344
160	0.095474
161	2.4333
162	-0.37588
163	0.74752
164	0.12269
165	-1.6666
166	0.080413
167	-0.10084
168	-0.27175
169	-0.66717
170	0.11582
171	-0.10427
172	0.17306
173	-0.66062
174	0.051231
175	-0.55377
176	0.026841
177	-1.3053
178	0.034389
179	0.069739
180	0.087068
181	-23.511
182	0.57463
183	1.1542
184	-0.14021
185	-2.0308
186	0.64337
187	0.17532
188	-0.17729
189	-30.208
190	3.5493
191	3.5649
192	-0.1376
193	0.81634
194	-0.16525
195	0.57573
196	-0.069979
197	-1.1654
198	-0.020606
199	0.39988
200	0.10582
201	-2.8665
202	-0.03769
203	-0.57286
204	0.2142
205	-29.831
206	1.0229
207	-1.4035
208	-0.45363
209	-8.7694
210	-0.53174
211	1.1846
212	1.0269
213	-3.2682
214	0.13946
215	0.25544
216	-0.15646
217	-28.211
218	-0.37683
219	3.2608
220	-0.27499
221	-9.5709
222	0.19983
223	1.1443
224	-4.8609
225	-10.118
226	-0.64547
227	-0.68508
228	0.73444
229	-1.2699
230	0.16264
231	0.15144
232	-0.036827
233	-2.3361
234	0.17287
235	0.33263
236	0.21841
237	-8.5237
238	0.61602
239	0.67666
240	1.9021
241	-7.3879
242	0.74692
243	1.7208
244	-1.212
245	-4.8847
246	0.017099
247	0.70323
248	0.54549
249	0.2587
250	0.022283
251	0.0029299
252	0.04463
253	1.447
254	-0.54841
255	-0.29052
256	-0.2793
257	1.6833
258	-0.35715
259	-0.54241
260	0.25633
261	0.38567
262	1.6523
263	-0.30999
264	0.43267
;
param RKernel:=
1.925591
;
param inputscale:=
0.071138
;
param inputmean: 1 2 3 :=
1 -0.000000 -0.000000 0.000000;

param InvK:1	2	3	4	5	6	7	8	9	10	11	12	13	14	15	16	17	18	19	20	21	22	23	24	25	26	27	28	29	30	31	32	33	34	35	36	37	38	39	40	41	42	43	44	45	46	47	48	49	50	51	52	53	54	55	56	57	58	59	60	61	62	63	64	65	66
 :=
1	7.7689	0.039368	0.29363	0.14386	0.039167	-0.10863	-0.10908	0.25423	0.17479	-0.2846	0.19032	0.3398	0.34053	0.20762	0.21329	0.19779	-0.13816	0.015124	-0.064973	0.12135	0.018002	0.053339	0.0045961	0.10451	-1.2903	0.60216	-0.028262	-0.0034749	-0.26931	-0.082847	-0.061122	0.92725	-0.050446	-0.15621	-0.11059	0.1356	0.013637	0.099129	-0.30671	0.33151	-2.1028	0.027023	0.29952	-0.9312	-0.51517	-0.077797	-1.2411	0.062971	-0.4255	-0.46457	0.31998	-0.026223	-0.19317	-0.91147	-0.1604	-0.070765	0.24242	0.06901	0.3504	0.6415	-0.088923	0.11519	-0.31418	-1.8239	-1.6775	-1.0568
2	0.039368	3.7811	0.14147	0.083836	-0.10641	0.19216	0.26312	0.014314	0.041561	-0.00043918	-0.035337	-0.12086	0.31664	0.099309	0.1665	0.0070504	-1.5757	0.0029849	-0.1903	0.24992	-2.5046	0.79402	0.030994	0.72669	0.033245	1.8428	-0.029497	0.073933	-0.7616	-0.059158	-0.0089741	0.10401	-0.023845	-0.95696	-0.13054	0.00028113	-0.13842	0.035859	-0.084307	1.3922	-0.10614	-0.92063	-1.346	-0.093359	-0.4263	0.0032824	-0.20562	-0.182	0.00030928	0.0061532	0.14663	-0.051837	-0.036887	-0.88309	-0.045038	0.47487	-0.058258	-0.22888	-0.01824	0.41018	0.050475	-0.15327	-0.010839	-0.21641	-0.12098	0.28175
3	0.29363	0.14147	57.75	-0.059501	-0.42069	-0.28275	-2.7718	0.16833	-0.50371	0.88811	-0.69144	-0.89391	-0.22602	-0.87333	-0.40357	-2.0463	0.32581	-0.26876	0.53117	0.80703	0.65647	-0.010905	0.26671	0.12511	0.26845	0.40142	0.72835	0.19553	-0.46802	0.28362	-0.67568	-0.67875	0.74428	-0.015829	0.78341	0.94126	-0.39507	-0.9352	4.1236	0.30226	-1.0507	-0.35496	-0.12299	-0.95355	-0.73571	-3.7583	0.69944	0.9224	-0.11563	0.54817	1.323	-32.282	0.7185	-0.089926	-28.104	0.11496	-0.33655	-0.10289	-0.53257	0.27295	-0.22862	3.8626	1.6139	-0.14739	-0.6642	1.0848
4	0.14386	0.083836	-0.059501	4.2447	0.65562	-0.72931	-0.7937	0.20628	0.1258	-0.12644	-1.323	0.41043	0.5426	0.73011	0.32651	1.2444	0.28232	-0.15222	-0.58149	-1.1023	0.078975	-0.15567	-0.35346	-0.3927	0.12951	-0.006758	0.5733	-0.75591	-0.23575	0.21837	0.60454	0.089011	-0.28815	0.012887	-5.3964	-0.3096	1.4463	-0.041555	0.76754	0.039896	0.08462	-0.23386	0.079918	0.19851	0.14066	-0.38104	-0.33873	0.83857	-0.12356	-0.37098	1.307	-0.11154	-0.96205	-0.077565	0.095371	-0.66446	0.25471	0.17345	0.028301	-0.063129	0.46035	0.054193	-0.047291	0.6161	-0.52505	-0.57054
5	0.039167	-0.10641	-0.42069	0.65562	9.1126	0.53383	0.33242	-0.33375	0.31687	0.78729	0.06931	-0.83359	-0.14181	-0.64996	-0.8363	-0.16709	-5.8972	-0.075163	0.43886	0.51118	-0.1389	1.6961	0.34059	1.0326	-0.60734	0.059469	0.065033	0.34729	0.43043	0.10966	-0.017443	-0.92126	0.070288	-0.18767	-0.61637	-0.11346	-0.40816	0.49875	-0.075674	1.0507	-0.12172	1.1222	-1.8944	-0.037821	-0.23232	0.062811	1.6213	-0.49645	-0.46546	0.09895	0.26451	0.17518	-0.20132	4.038	0.39015	-4.6674	-0.50476	-0.69016	-0.36897	-4.8788	0.012977	-0.18273	0.11859	-0.26305	-0.16039	1.2596
6	-0.10863	0.19216	-0.28275	-0.72931	0.53383	21.142	-0.56747	-0.0052906	0.17724	0.1397	-0.19684	0.076913	0.11096	-0.11671	0.18208	-13.06	0.25748	-1.161	-0.096033	-0.026207	0.068891	-0.16632	-1.7053	-0.33883	0.21853	0.11746	0.72695	-0.52836	-0.26521	-6.7219	1.0599	-0.021014	0.59131	-0.0072297	-7.942	0.069597	2.7525	-0.31734	2.7548	0.019091	-0.34409	-0.24366	0.0017555	0.081882	0.17247	2.2224	-0.094058	-0.11399	0.12312	-0.40395	0.50995	-0.26599	-2.0358	0.004957	-0.98584	-0.58477	6.1923	0.18862	0.083949	-0.038189	-0.9384	-0.082044	-0.44576	0.3148	-0.3491	-0.081983
7	-0.10908	0.26312	-2.7718	-0.7937	0.33242	-0.56747	26.96	0.41716	-3.8243	0.12503	-0.11101	0.069677	0.76492	-0.17986	0.05584	0.15657	-0.087739	-0.29624	-0.65592	0.12689	0.6125	-0.049364	-0.1055	-0.088238	0.1664	0.0053955	0.22792	0.42214	-0.52978	-0.038228	-0.10922	0.1074	-9.1894	0.049575	1.1145	-0.58698	0.84774	-0.76753	3.413	-0.064851	-0.63326	-0.28171	0.17593	-0.36384	-0.18857	1.127	-0.11182	-23.416	0.38099	1.6969	0.094337	-4.8158	0.55276	-0.020271	3.1718	-0.34384	0.32365	0.22587	3.7602	-0.01786	3.4932	-0.28481	0.11042	0.17636	-0.35878	0.015049
8	0.25423	0.014314	0.16833	0.20628	-0.33375	-0.0052906	0.41716	0.59657	0.26742	0.17486	-1.1028	-0.26133	-0.022446	0.031076	0.24546	0.11549	0.31504	-0.2803	0.23755	-0.091537	-0.61237	-0.083319	0.17228	-0.062757	-0.12174	-0.18054	0.070886	0.16505	0.56862	0.039285	0.088338	-0.33843	-0.020588	-0.68259	-0.17736	-0.12642	-0.17343	0.74781	-0.15853	-0.064919	-0.14142	-0.033839	-0.092218	-0.22019	-0.15288	-0.047709	-0.10953	-0.30686	-0.14923	-0.10856	0.74613	0.028974	0.35266	0.47427	0.047587	0.13	-0.078462	-0.10884	-0.20741	-0.14389	0.036356	-0.37009	0.036519	0.082802	-0.0039165	0.425
9	0.17479	0.041561	-0.50371	0.1258	0.31687	0.17724	-3.8243	0.26742	1.7421	0.11363	0.053616	0.15922	-0.56967	-0.016473	-0.53644	-0.18224	-0.22901	-0.056654	-0.056673	0.055981	0.24028	0.13432	-0.094538	0.13916	0.33214	-0.078767	-0.024568	-0.45912	-0.10556	0.003116	0.055587	-0.013921	-0.48013	0.053057	-0.11822	0.028366	0.48469	-0.37398	1.3125	-0.086157	0.14791	0.14756	0.21384	-0.21081	-0.19804	0.0089637	0.45385	2.7633	-0.029877	-0.35399	-0.2164	-0.13594	-0.0028544	-0.41983	0.34687	-0.073989	-0.076219	-0.057622	-0.1373	0.16741	0.31402	-0.64649	0.039958	-0.10748	-0.037845	-0.012316
10	-0.2846	-0.00043918	0.88811	-0.12644	0.78729	0.1397	0.12503	0.17486	0.11363	2.5383	0.10454	0.35307	-0.29887	-2.7168	-0.024192	0.083035	-0.87603	0.12759	-0.38642	0.62647	-0.7208	0.8187	-0.13424	0.11971	0.97884	-0.51613	-0.14708	-0.079414	0.7798	-0.10899	0.084331	-0.50633	-0.1033	0.049731	-0.083644	0.34949	0.38783	0.3512	-0.39788	-0.3687	0.62037	-1.4127	0.22925	-0.058201	0.043601	-0.30381	-0.2508	0.056882	0.07978	-0.11471	-0.34737	-0.23034	-0.091253	0.23988	-0.28957	-0.14285	0.11306	0.14411	0.11607	-0.36982	-0.057415	-0.22667	-0.12747	0.52365	0.038689	-0.37494
11	0.19032	-0.035337	-0.69144	-1.323	0.06931	-0.19684	-0.11101	-1.1028	0.053616	0.10454	2.1459	-0.097022	-0.0022499	-0.080991	0.062668	-0.33249	0.10547	0.88981	0.10739	0.090513	0.23429	-0.0020912	0.0077449	-0.10012	-0.034083	0.32962	-0.14808	0.080734	-0.26582	0.12344	-0.61263	-0.039991	0.096788	0.42729	1.0993	-0.13765	-0.14563	-0.33941	0.29837	0.18922	-0.13365	-0.060594	-0.072028	-0.16289	0.087717	0.49089	-0.018198	-0.15567	-0.083119	0.030901	-0.96603	0.15094	-0.97429	-0.25773	0.17911	-0.10714	0.69403	-0.010611	-0.056809	0.16282	-0.048431	0.072007	0.33173	-0.071865	0.075523	0.044784
12	0.3398	-0.12086	-0.89391	0.41043	-0.83359	0.076913	0.069677	-0.26133	0.15922	0.35307	-0.097022	0.19719	-0.073565	-0.34065	-0.30432	-0.17648	0.40699	0.13632	0.32303	0.38492	0.048296	-0.10047	0.23653	0.46753	-0.1641	0.2434	0.16825	0.24561	0.10532	0.10016	0.11585	-0.32114	0.13167	0.10303	-0.27146	-0.70684	-0.33399	-0.047124	0.53082	-0.072996	-0.33352	-0.091937	-0.4568	0.30777	0.24979	0.65545	0.34133	-0.36847	-0.12813	0.20937	0.40834	0.33453	0.006818	0.58902	-0.3209	0.61515	-0.35645	-0.042694	-0.21444	-0.54879	-0.033119	-0.014523	-0.0068737	-0.26724	-0.26451	-0.4232
13	0.34053	0.31664	-0.22602	0.5426	-0.14181	0.11096	0.76492	-0.022446	-0.56967	-0.29887	-0.0022499	-0.073565	5.5759	0.92192	-0.61597	-0.19106	-0.55744	0.10149	-4.938	0.13237	-0.32672	-0.80409	0.38475	0.66697	0.4134	-0.019069	0.045173	0.47711	0.21376	0.1207	0.067286	-0.086105	0.2765	0.019431	-0.42308	-0.099563	0.070922	0.074926	-0.31703	-0.018411	0.70028	-0.16507	-0.30561	0.021115	-0.0086605	0.032386	1.033	-0.82105	-1.3526	0.039119	0.045379	0.27905	-0.10992	0.42305	0.13946	0.76526	-0.48544	-0.91539	-0.15814	-0.2661	-0.31402	0.19442	0.05773	-0.41176	-0.22111	-0.014815
14	0.20762	0.099309	-0.87333	0.73011	-0.64996	-0.11671	-0.17986	0.031076	-0.016473	-2.7168	-0.080991	-0.34065	0.92192	4.8583	-0.071168	-0.11238	0.50976	-0.04184	-0.77088	-1.8585	0.35074	-0.50114	0.19933	-0.03469	-0.5793	0.63095	0.13273	0.14622	-0.186	0.19063	-0.033719	-0.97809	0.16086	-0.21233	-0.37296	-0.30733	-0.35688	-0.49436	0.37546	0.16452	-0.56635	1.4759	-0.1874	-0.16737	-0.1726	0.31424	0.22446	-0.1246	0.1314	0.092554	0.19372	0.18998	-0.088902	-0.037566	0.31275	0.23831	-0.25476	-0.11377	-0.026785	0.22139	-0.016791	0.1877	0.15852	-0.30191	0.18264	0.43681
15	0.21329	0.1665	-0.40357	0.32651	-0.8363	0.18208	0.05584	0.24546	-0.53644	-0.024192	0.062668	-0.30432	-0.61597	-0.071168	0.79717	-0.14754	-0.09756	0.025542	0.44403	0.17096	0.17665	0.36868	0.039517	-0.53143	-0.011671	-0.081742	0.0035738	0.087989	-0.15644	0.0067165	0.022989	-0.0096333	0.23368	-0.0050021	-0.21406	0.13532	-0.19105	-0.22499	0.15876	-0.038071	-0.026952	0.17761	0.092326	-0.27033	-0.17147	0.29324	-0.9065	-0.1466	0.43459	-0.03776	-0.17832	-0.22131	-0.076796	0.49199	0.05868	0.40302	-0.26491	0.03304	0.30166	0.090835	-0.12944	0.40953	0.19405	-0.15751	-0.14898	0.42737
16	0.19779	0.0070504	-2.0463	1.2444	-0.16709	-13.06	0.15657	0.11549	-0.18224	0.083035	-0.33249	-0.17648	-0.19106	-0.11238	-0.14754	41.173	-0.049892	-30.47	0.25183	0.17547	0.13205	0.056285	-0.40051	0.10717	0.018533	0.0053408	0.52818	0.26486	-0.037963	1.1058	1.5312	-0.10569	0.63136	0.0032154	2.8092	0.45721	0.50473	-0.1283	-6.9944	0.027028	-0.35346	0.00477	0.011438	0.033822	-0.20063	-0.81856	0.1983	-0.89757	0.019209	-0.12961	-0.49396	2.2746	2.8355	-0.042678	1.5715	0.15103	-1.851	-0.063739	0.55341	0.066232	-1.7839	1.8045	0.17239	-0.15264	-0.097236	0.22754
17	-0.13816	-1.5757	0.32581	0.28232	-5.8972	0.25748	-0.087739	0.31504	-0.22901	-0.87603	0.10547	0.40699	-0.55744	0.50976	-0.09756	-0.049892	5.7385	0.16752	0.22452	-0.12037	0.70606	-2.7294	-0.097344	-0.77606	0.69128	-0.55263	-0.097532	-0.089692	0.41656	-0.061145	0.12132	0.82898	-0.017337	0.23163	-0.29163	0.17829	0.10611	-0.028903	-0.14704	-0.57776	0.044184	-0.49847	1.0699	-0.037422	-0.047351	-0.090259	-0.14463	0.12049	0.12947	-0.02465	-0.35893	-0.13296	-0.11444	-1.3143	-0.20737	1.2841	-0.1482	1.5094	0.23925	2.8227	-0.049891	0.23817	-0.17242	-0.29856	0.031806	-0.38453
18	0.015124	0.0029849	-0.26876	-0.15222	-0.075163	-1.161	-0.29624	-0.2803	-0.056654	0.12759	0.88981	0.13632	0.10149	-0.04184	0.025542	-30.47	0.16752	37.931	-0.052382	-0.043208	0.01221	-0.053168	1.2316	-0.00309	0.02003	0.10848	-0.11477	0.046934	-0.05553	1.9308	-4.4647	-0.10409	-0.47008	0.063444	-0.51151	-1.5308	-1.0396	-0.068246	0.99365	0.085183	0.041538	-0.081577	-0.12983	-0.92084	0.023191	-3.4942	-0.044157	1.3956	-0.080197	0.10734	1.9655	0.070059	-4.8538	0.1126	2.1722	-0.0094528	0.16467	0.030833	-0.55024	-0.12018	1.202	-0.23927	1.0723	0.16559	-0.37939	-0.2635
19	-0.064973	-0.1903	0.53117	-0.58149	0.43886	-0.096033	-0.65592	0.23755	-0.056673	-0.38642	0.10739	0.32303	-4.938	-0.77088	0.44403	0.25183	0.22452	-0.052382	4.8194	-0.16388	0.59428	0.55886	-0.55638	-0.48903	-0.69072	-0.19935	-0.10692	-0.74717	-0.51729	-0.13353	-0.029794	0.73404	-0.3856	0.060205	0.44515	0.27518	0.098183	0.050415	0.067903	-0.057804	-0.80364	0.14751	0.38785	-0.14209	0.0086254	-0.22955	-0.82579	1.0887	1.0476	0.14549	-0.32747	-0.25047	0.09344	-0.42956	-0.2543	-0.7303	0.58365	0.88305	0.22708	0.17318	0.35293	0.24712	-0.1935	0.48171	0.24204	-0.2979
20	0.12135	0.24992	0.80703	-1.1023	0.51118	-0.026207	0.12689	-0.091537	0.055981	0.62647	0.090513	0.38492	0.13237	-1.8585	0.17096	0.17547	-0.12037	-0.043208	-0.16388	1.0741	-0.58051	-0.018447	-0.27327	-0.13753	0.2253	-0.22203	-0.12083	-0.16566	0.14954	-0.29261	-0.05381	0.65638	-0.16482	0.13543	0.80534	0.26653	0.20704	0.35986	-0.31916	-0.031607	0.28594	-0.27664	0.071053	0.32384	0.22701	-0.30193	-0.25759	0.19255	-0.062384	-0.18408	-0.084906	-0.14893	0.25413	-0.14857	-0.27506	-0.34258	0.41321	0.040037	0.14067	-0.067831	0.11616	-0.21044	-0.29173	-0.24368	-0.17661	-0.47589
21	0.018002	-2.5046	0.65647	0.078975	-0.1389	0.068891	0.6125	-0.61237	0.24028	-0.7208	0.23429	0.048296	-0.32672	0.35074	0.17665	0.13205	0.70606	0.01221	0.59428	-0.58051	2.9234	-0.27609	0.11875	-0.2308	-0.37864	-0.0078108	-0.035794	0.094355	-1.3598	0.098044	-0.00064584	1.0167	-0.10957	0.583	-0.24266	0.12062	0.016009	-1.4841	-0.36037	-0.1735	0.02988	0.7113	0.37012	0.31725	0.43895	-0.18783	-0.098452	-0.32272	-0.23769	-0.03863	-0.048096	-0.083811	-0.22559	1.3148	-0.17418	0.067089	0.11135	-0.15113	-0.2411	-0.7495	0.010623	-0.46788	0.017016	0.5235	0.12689	-0.36254
22	0.053339	0.79402	-0.010905	-0.15567	1.6961	-0.16632	-0.049364	-0.083319	0.13432	0.8187	-0.0020912	-0.10047	-0.80409	-0.50114	0.36868	0.056285	-2.7294	-0.053168	0.55886	-0.018447	-0.27609	23.844	-0.0010384	-12.195	-0.70369	0.11995	0.029325	-0.0080908	-0.29167	0.014639	-0.044268	3.0468	0.0047914	-0.070756	0.18034	0.0034248	-0.052456	0.56001	0.089387	0.23411	0.15025	-14.019	-0.24679	0.074011	0.15986	0.066102	2.4101	0.037231	0.43992	-0.26829	0.052055	-0.068578	0.043936	-0.85947	-0.051164	1.9882	0.081181	-4.0686	0.052896	0.38101	0.0057957	-0.070132	-0.069223	-0.32173	0.050857	-0.1778
23	0.0045961	0.030994	0.26671	-0.35346	0.34059	-1.7053	-0.1055	0.17228	-0.094538	-0.13424	0.0077449	0.23653	0.38475	0.19933	0.039517	-0.40051	-0.097344	1.2316	-0.55638	-0.27327	0.11875	-0.0010384	40.318	-0.086136	0.057842	-0.1216	-0.14134	-28.786	-0.093306	-11.389	-0.15436	0.22724	5.0985	0.031095	4.4422	0.099676	-10.336	-0.076749	-0.012125	-0.068309	0.89769	-0.01119	0.15383	-0.15487	-0.019399	-0.10833	-0.11145	1.7285	-0.34034	-0.24253	-0.43733	-0.25528	0.48489	-0.12032	-0.041129	-0.22819	2.0177	0.078671	5.4873	0.0064548	-6.7194	-0.42985	-0.043259	0.11321	0.29412	-0.23243
24	0.10451	0.72669	0.12511	-0.3927	1.0326	-0.33883	-0.088238	-0.062757	0.13916	0.11971	-0.10012	0.46753	0.66697	-0.03469	-0.53143	0.10717	-0.77606	-0.00309	-0.48903	-0.13753	-0.2308	-12.195	-0.086136	19.168	0.60168	0.37303	0.015645	-0.10907	-0.34274	-0.012483	-0.017552	-0.58718	-0.083357	-0.42605	0.36548	-0.16574	0.18326	-0.32913	-0.0059107	-0.22833	-0.86275	4.151	1.1368	0.16843	-0.075651	-0.11988	-1.3915	0.18617	2.3181	0.66953	0.14895	0.18271	0.14757	0.82542	-0.069392	-12.646	0.2855	-4.6956	-0.15569	3.5422	0.05938	-0.32131	-0.31543	0.14656	0.060299	0.2092
25	-1.2903	0.033245	0.26845	0.12951	-0.60734	0.21853	0.1664	-0.12174	0.33214	0.97884	-0.034083	-0.1641	0.4134	-0.5793	-0.011671	0.018533	0.69128	0.02003	-0.69072	0.2253	-0.37864	-0.70369	0.057842	0.60168	19.145	0.67273	-0.042505	0.10776	-0.80587	-0.041601	0.0061692	-15.755	-0.050093	0.044298	-0.19795	0.032635	-0.16312	4.0121	0.033901	0.0080734	-1.3506	-0.50798	-0.07511	0.44957	0.15535	0.13491	0.82508	-0.23402	-4.1204	1.7883	-0.013998	-0.37112	-0.085586	0.041065	-0.20591	0.15848	-0.12046	-1.1974	0.66875	-0.051456	-0.025587	-0.91564	0.015202	-2.086	0.44299	-0.0072975
26	0.60216	1.8428	0.40142	-0.006758	0.059469	0.11746	0.0053955	-0.18054	-0.078767	-0.51613	0.32962	0.2434	-0.019069	0.63095	-0.081742	0.0053408	-0.55263	0.10848	-0.19935	-0.22203	-0.0078108	0.11995	-0.1216	0.37303	0.67273	16.856	-0.021965	-0.12558	-11.921	0.04172	0.13991	1.5741	-0.041573	-0.27342	-0.18843	0.16402	0.32147	-1.8254	-0.14827	-1.4724	0.71753	-0.25389	2.9837	-1.3422	-1.4447	-0.15298	-0.22867	0.14229	-0.3416	-0.12847	-0.27985	-0.089017	-0.22324	-0.53619	-0.32259	0.1315	0.13733	-0.048003	-0.074398	-0.23419	-0.054101	0.068506	0.79121	-6.7027	0.58978	0.24836
27	-0.028262	-0.029497	0.72835	0.5733	0.065033	0.72695	0.22792	0.070886	-0.024568	-0.14708	-0.14808	0.16825	0.045173	0.13273	0.0035738	0.52818	-0.097532	-0.11477	-0.10692	-0.12083	-0.035794	0.029325	-0.14134	0.015645	-0.042505	-0.021965	66.419	-0.04029	0.040275	-0.78118	-40.527	0.13225	-0.095279	0.023841	0.24127	-28.266	0.065921	0.10711	-0.81488	-0.13881	0.067215	0.069425	0.039207	0.60374	0.052249	1.7472	-0.058483	0.10808	0.060521	0.012538	-1.2258	-0.69459	0.56498	0.0054558	0.60277	0.018818	0.21859	-0.017015	0.12382	-0.07712	0.014088	-0.18545	-1.0146	-0.10799	0.37726	0.14987
28	-0.0034749	0.073933	0.19553	-0.75591	0.34729	-0.52836	0.42214	0.16505	-0.45912	-0.079414	0.080734	0.24561	0.47711	0.14622	0.087989	0.26486	-0.089692	0.046934	-0.74717	-0.16566	0.094355	-0.0080908	-28.786	-0.10907	0.10776	-0.12558	-0.04029	68.736	-0.09311	2.4805	0.023792	0.20884	-8.8356	0.029574	0.0043937	0.14184	-1.7266	-0.14891	1.1504	-0.072904	0.55385	-0.019858	0.15102	-0.11875	0.026766	-0.29553	-0.19548	4.071	-0.097	-0.19817	-0.38832	-0.35937	-0.01565	-0.095783	-0.065047	-0.26139	1.4341	0.13069	-1.4221	-0.010209	-37.333	1.8875	-0.099058	0.10035	0.16228	-0.26743
29	-0.26931	-0.7616	-0.46802	-0.23575	0.43043	-0.26521	-0.52978	0.56862	-0.10556	0.7798	-0.26582	0.10532	0.21376	-0.186	-0.15644	-0.037963	0.41656	-0.05553	-0.51729	0.14954	-1.3598	-0.29167	-0.093306	-0.34274	-0.80587	-11.921	0.040275	-0.09311	30.891	-0.05428	-0.033481	1.4751	0.072375	-20.154	0.40192	-0.084159	0.015651	-5.2486	0.28239	3.4806	-0.14313	0.074594	1.8508	0.47408	0.30822	0.11412	0.19913	0.30429	0.24644	0.053824	-0.075894	0.082044	0.26658	-1.7047	0.16546	-0.41883	0.0052028	0.23497	0.2098	0.71897	-0.010042	0.29026	-0.27084	2.7704	-0.075109	-0.59113
30	-0.082847	-0.059158	0.28362	0.21837	0.10966	-6.7219	-0.038228	0.039285	0.003116	-0.10899	0.12344	0.10016	0.1207	0.19063	0.0067165	1.1058	-0.061145	1.9308	-0.13353	-0.29261	0.098044	0.014639	-11.389	-0.012483	-0.041601	0.04172	-0.78118	2.4805	-0.05428	28.202	-1.4408	0.11841	0.75605	0.016646	-18.191	0.17979	-2.5237	0.04522	-0.4034	-0.075956	0.27227	0.019422	0.067588	-0.32079	0.017919	-0.27176	-0.039813	-0.27323	-0.059935	-0.021051	0.71316	0.02358	4.8609	-0.041854	0.025145	-0.038962	-2.7277	-0.015869	2.271	-0.0059636	2.1494	-0.58544	-0.28297	-0.026262	0.60926	0.023465
31	-0.061122	-0.0089741	-0.67568	0.60454	-0.017443	1.0599	-0.10922	0.088338	0.055587	0.084331	-0.61263	0.11585	0.067286	-0.033719	0.022989	1.5312	0.12132	-4.4647	-0.029794	-0.05381	-0.00064584	-0.044268	-0.15436	-0.017552	0.0061692	0.13991	-40.527	0.023792	-0.033481	-1.4408	55.243	-0.052916	-0.016297	-0.030601	2.0501	-0.91735	-0.19764	0.0020796	0.16351	0.0033379	-0.12844	-0.053532	-0.079049	0.087481	-0.09429	2.4731	-0.03933	0.083566	0.040756	-0.032271	-0.079848	-0.61613	-15.872	0.12655	0.8673	-0.026328	0.9475	0.017145	0.10705	-0.12136	0.13466	-0.063024	0.2805	-0.017002	0.13618	0.0043098
32	0.92725	0.10401	-0.67875	0.089011	-0.92126	-0.021014	0.1074	-0.33843	-0.013921	-0.50633	-0.039991	-0.32114	-0.086105	-0.97809	-0.0096333	-0.10569	0.82898	-0.10409	0.73404	0.65638	1.0167	3.0468	0.22724	-0.58718	-15.755	1.5741	0.13225	0.20884	1.4751	0.11841	-0.052916	22.956	0.12351	-0.94554	0.024996	-0.28917	-0.2864	-7.6989	0.19366	0.11121	0.15773	-6.5793	-0.25174	0.075998	0.0060258	0.19073	-0.20848	-0.26584	1.8498	-0.58267	0.23385	0.28235	0.054154	0.3962	0.28445	0.36775	-0.26221	0.54017	-0.40939	0.057893	0.0022221	0.23529	0.11208	-1.7311	0.18525	0.37255
33	-0.050446	-0.023845	0.74428	-0.28815	0.070288	0.59131	-9.1894	-0.020588	-0.48013	-0.1033	0.096788	0.13167	0.2765	0.16086	0.23368	0.63136	-0.017337	-0.47008	-0.3856	-0.16482	-0.10957	0.0047914	5.0985	-0.083357	-0.050093	-0.041573	-0.095279	-8.8356	0.072375	0.75605	-0.016297	0.12351	57.586	-0.0056279	-0.42049	0.29221	3.1452	0.13868	2.6991	-0.034248	0.67426	0.049179	0.032595	0.072443	0.11834	-1.0535	-0.3539	-20.97	-0.21416	0.37761	-0.10467	2.5795	-0.11045	0.043937	-1.1651	-0.071589	0.19018	0.071332	-7.6882	-0.039606	-25.534	1.4765	-0.17157	0.01856	0.10302	-0.20876
34	-0.15621	-0.95696	-0.015829	0.012887	-0.18767	-0.0072297	0.049575	-0.68259	0.053057	0.049731	0.42729	0.10303	0.019431	-0.21233	-0.0050021	0.0032154	0.23163	0.063444	0.060205	0.13543	0.583	-0.070756	0.031095	-0.42605	0.044298	-0.27342	0.023841	0.029574	-20.154	0.016646	-0.030601	-0.94554	-0.0056279	26.691	0.0023506	-0.034174	-0.071468	3.7493	0.074164	-6.083	-0.072917	0.12672	-8.1851	-0.062774	1.4529	0.082907	-0.26462	-0.052591	0.043964	-0.092493	0.081237	0.0040253	-0.15844	3.0074	-0.1671	-0.89809	-0.034205	0.17401	0.0089982	1.3468	0.0019116	-0.019438	-0.34107	0.71708	-0.04526	1.2706
35	-0.11059	-0.13054	0.78341	-5.3964	-0.61637	-7.942	1.1145	-0.17736	-0.11822	-0.083644	1.0993	-0.27146	-0.42308	-0.37296	-0.21406	2.8092	-0.29163	-0.51151	0.44515	0.80534	-0.24266	0.18034	4.4422	0.36548	-0.19795	-0.18843	0.24127	0.0043937	0.40192	-18.191	2.0501	0.024996	-0.42049	0.0023506	38.68	-0.10448	1.0057	0.33584	-0.70469	-0.01861	0.36214	0.2824	-0.035612	-0.67505	-0.058756	-0.14141	0.1741	-0.4338	-0.18057	0.40513	0.006977	-0.19225	-6.078	0.00716	-0.34529	0.65124	-11.131	-0.15883	-1.3389	0.079696	-0.3839	-0.24983	0.06379	-0.7543	1.9164	0.3405
36	0.1356	0.00028113	0.94126	-0.3096	-0.11346	0.069597	-0.58698	-0.12642	0.028366	0.34949	-0.13765	-0.70684	-0.099563	-0.30733	0.13532	0.45721	0.17829	-1.5308	0.27518	0.26653	0.12062	0.0034248	0.099676	-0.16574	0.032635	0.16402	-28.266	0.14184	-0.084159	0.17979	-0.91735	-0.28917	0.29221	-0.034174	-0.10448	29.881	-0.20728	-0.18726	2.2611	0.11444	-0.26756	-0.10339	-0.023591	0.38463	-0.0064655	-9.4182	0.16826	-0.41885	-0.109	0.15475	1.217	2.3333	5.844	-0.14647	-0.97531	-0.039589	-0.17173	-0.13989	-0.13792	0.33432	-0.0064423	0.17086	-0.95316	-0.08178	-0.38241	0.80752
37	0.013637	-0.13842	-0.39507	1.4463	-0.40816	2.7525	0.84774	-0.17343	0.48469	0.38783	-0.14563	-0.33399	0.070922	-0.35688	-0.19105	0.50473	0.10611	-1.0396	0.098183	0.20704	0.016009	-0.052456	-10.336	0.18326	-0.16312	0.32147	0.065921	-1.7266	0.015651	-2.5237	-0.19764	-0.2864	3.1452	-0.071468	1.0057	-0.20728	19.911	0.0651	-0.24354	0.056907	-2.6378	-0.010049	-0.16131	0.31066	-0.036851	0.55945	0.11789	0.032409	1.5454	0.48245	1.1289	-0.65254	-0.074966	0.10306	0.16335	0.32913	-4.5945	-0.28068	-12.686	0.052959	2.1303	1.7866	-0.096985	-0.025065	-0.60059	0.407
38	0.099129	0.035859	-0.9352	-0.041555	0.49875	-0.31734	-0.76753	0.74781	-0.37398	0.3512	-0.33941	-0.047124	0.074926	-0.49436	-0.22499	-0.1283	-0.028903	-0.068246	0.050415	0.35986	-1.4841	0.56001	-0.076749	-0.32913	4.0121	-1.8254	0.10711	-0.14891	-5.2486	0.04522	0.0020796	-7.6989	0.13868	3.7493	0.33584	-0.18726	0.0651	10.298	0.45799	-0.11716	-0.093691	-0.94732	0.074674	-0.023887	0.065073	0.22772	0.21813	0.44495	-0.025037	0.006342	-0.17954	0.20992	0.31072	-1.4771	0.31233	-0.49557	-0.21741	0.27946	0.11688	0.91836	-0.060831	0.68301	-0.17462	-1.8831	0.60436	0.097691
39	-0.30671	-0.084307	4.1236	0.76754	-0.075674	2.7548	3.413	-0.15853	1.3125	-0.39788	0.29837	0.53082	-0.31703	0.37546	0.15876	-6.9944	-0.14704	0.99365	0.067903	-0.31916	-0.36037	0.089387	-0.012125	-0.0059107	0.033901	-0.14827	-0.81488	1.1504	0.28239	-0.4034	0.16351	0.19366	2.6991	0.074164	-0.70469	2.2611	-0.24354	0.45799	17.67	-0.18286	0.54639	0.24069	-0.094317	0.50192	0.21713	-6.792	-0.050831	-12.119	-0.11819	0.21567	-1.1712	-9.1816	0.15309	0.22488	3.7058	0.18702	-0.73246	-0.16016	0.29555	-0.31933	-0.90353	-2.4576	-0.46841	0.013777	0.53945	-0.39198
40	0.33151	1.3922	0.30226	0.039896	1.0507	0.019091	-0.064851	-0.064919	-0.086157	-0.3687	0.18922	-0.072996	-0.018411	0.16452	-0.038071	0.027028	-0.57776	0.085183	-0.057804	-0.031607	-0.1735	0.23411	-0.068309	-0.22833	0.0080734	-1.4724	-0.13881	-0.072904	3.4806	-0.075956	0.0033379	0.11121	-0.034248	-6.083	-0.01861	0.11444	0.056907	-0.11716	-0.18286	22.184	-0.098442	-0.069259	-8.7995	2.1843	-14.576	-0.16265	-0.012004	0.13934	0.13883	0.064808	-1.0289	-0.081685	0.067519	1.6087	0.023727	-0.17253	0.04212	0.01152	0.10668	-0.69523	0.0054018	0.021702	1.077	0.45861	-0.022556	0.012591
41	-2.1028	-0.10614	-1.0507	0.08462	-0.12172	-0.34409	-0.63326	-0.14142	0.14791	0.62037	-0.13365	-0.33352	0.70028	-0.56635	-0.026952	-0.35346	0.044184	0.041538	-0.80364	0.28594	0.02988	0.15025	0.89769	-0.86275	-1.3506	0.71753	0.067215	0.55385	-0.14313	0.27227	-0.12844	0.15773	0.67426	-0.072917	0.36214	-0.26756	-2.6378	-0.093691	0.54639	-0.098442	12.693	0.47485	-0.14227	0.67432	0.092704	0.15392	0.75216	0.37448	-10.888	-1.2207	0.52118	0.36487	0.19906	0.45351	0.53675	0.070266	-0.21052	3.4882	-2.8932	-0.27444	0.39042	1.0343	-0.01582	-0.13259	-0.99524	0.52383
42	0.027023	-0.92063	-0.35496	-0.23386	1.1222	-0.24366	-0.28171	-0.033839	0.14756	-1.4127	-0.060594	-0.091937	-0.16507	1.4759	0.17761	0.00477	-0.49847	-0.081577	0.14751	-0.27664	0.7113	-14.019	-0.01119	4.151	-0.50798	-0.25389	0.069425	-0.019858	0.074594	0.019422	-0.053532	-6.5793	0.049179	0.12672	0.2824	-0.10339	-0.010049	-0.94732	0.24069	-0.069259	0.47485	16.415	0.53009	-0.19506	-0.074825	0.11416	-0.361	0.15273	-0.23343	-0.13936	0.19342	0.073245	0.11773	-0.58018	0.10008	-0.88116	0.15265	0.95135	-0.10218	-0.042009	0.014351	0.023426	0.15948	1.9302	-0.3281	0.066977
43	0.29952	-1.346	-0.12299	0.079918	-1.8944	0.0017555	0.17593	-0.092218	0.21384	0.22925	-0.072028	-0.4568	-0.30561	-0.1874	0.092326	0.011438	1.0699	-0.12983	0.38785	0.071053	0.37012	-0.24679	0.15383	1.1368	-0.07511	2.9837	0.039207	0.15102	1.8508	0.067588	-0.079049	-0.25174	0.032595	-8.1851	-0.035612	-0.023591	-0.16131	0.074674	-0.094317	-8.7995	-0.14227	0.53009	17.078	0.14187	3.6425	-0.043381	0.47556	-0.21431	-0.13369	-0.13452	0.16996	0.079056	0.023472	-9.7837	0.34022	4.1335	-0.072102	-0.49269	-0.15466	-1.2659	0.014743	-0.1729	-0.044708	-0.67235	-0.1288	0.026262
44	-0.9312	-0.093359	-0.95355	0.19851	-0.037821	0.081882	-0.36384	-0.22019	-0.21081	-0.058201	-0.16289	0.30777	0.021115	-0.16737	-0.27033	0.033822	-0.037422	-0.92084	-0.14209	0.32384	0.31725	0.074011	-0.15487	0.16843	0.44957	-1.3422	0.60374	-0.11875	0.47408	-0.32079	0.087481	0.075998	0.072443	-0.062774	-0.67505	0.38463	0.31066	-0.023887	0.50192	2.1843	0.67432	-0.19506	0.14187	13.76	-5.7466	0.13978	0.051823	0.14377	-0.25311	0.27141	-4.941	0.06041	0.7917	-0.063505	0.59747	-0.011221	2.1117	0.1005	-0.11892	-0.1405	0.038547	0.35641	-5.6754	0.26969	-3.8119	2.0105
45	-0.51517	-0.4263	-0.73571	0.14066	-0.23232	0.17247	-0.18857	-0.15288	-0.19804	0.043601	0.087717	0.24979	-0.0086605	-0.1726	-0.17147	-0.20063	-0.047351	0.023191	0.0086254	0.22701	0.43895	0.15986	-0.019399	-0.075651	0.15535	-1.4447	0.052249	0.026766	0.30822	0.017919	-0.09429	0.0060258	0.11834	1.4529	-0.058756	-0.0064655	-0.036851	0.065073	0.21713	-14.576	0.092704	-0.074825	3.6425	-5.7466	18.042	0.16904	1.2383	-0.024761	-0.07272	0.41796	2.1269	0.11751	-0.26401	-0.71802	0.49636	0.051551	-0.39621	-0.50764	-0.038922	0.72824	0.0031085	0.19814	-0.34388	-0.28733	0.75383	-4.2308
46	-0.077797	0.0032824	-3.7583	-0.38104	0.062811	2.2224	1.127	-0.047709	0.0089637	-0.30381	0.49089	0.65545	0.032386	0.31424	0.29324	-0.81856	-0.090259	-3.4942	-0.22955	-0.30193	-0.18783	0.066102	-0.10833	-0.11988	0.13491	-0.15298	1.7472	-0.29553	0.11412	-0.27176	2.4731	0.19073	-1.0535	0.082907	-0.14141	-9.4182	0.55945	0.22772	-6.792	-0.16265	0.15392	0.11416	-0.043381	0.13978	0.16904	39.471	-0.10629	1.692	-0.042002	0.10237	-0.74093	7.1999	0.5916	0.23084	-30.987	0.0027373	0.18862	-0.10354	-0.6211	-0.34778	0.34327	0.36252	-0.10099	0.10719	0.20268	-0.53875
47	-1.2411	-0.20562	0.69944	-0.33873	1.6213	-0.094058	-0.11182	-0.10953	0.45385	-0.2508	-0.018198	0.34133	1.033	0.22446	-0.9065	0.1983	-0.14463	-0.044157	-0.82579	-0.25759	-0.098452	2.4101	-0.11145	-1.3915	0.82508	-0.22867	-0.058483	-0.19548	0.19913	-0.039813	-0.03933	-0.20848	-0.3539	-0.26462	0.1741	0.16826	0.11789	0.21813	-0.050831	-0.012004	0.75216	-0.361	0.47556	0.051823	1.2383	-0.10629	9.4166	0.13193	0.5458	-3.1366	-0.13816	-0.20626	0.013884	0.24681	-0.42752	-1.5734	0.29987	-6.2267	0.24343	-0.91837	0.096953	0.79834	0.79667	0.22411	0.34828	-3.6966
48	0.062971	-0.182	0.9224	0.83857	-0.49645	-0.11399	-23.416	-0.30686	2.7633	0.056882	-0.15567	-0.36847	-0.82105	-0.1246	-0.1466	-0.89757	0.12049	1.3956	1.0887	0.19255	-0.32272	0.037231	1.7285	0.18617	-0.23402	0.14229	0.10808	4.071	0.30429	-0.27323	0.083566	-0.26584	-20.97	-0.052591	-0.4338	-0.41885	0.032409	0.44495	-12.119	0.13934	0.37448	0.15273	-0.21431	0.14377	-0.024761	1.692	0.13193	55.62	-0.5148	0.60795	0.48306	1.2809	-0.26076	0.045403	-0.54217	0.42307	-0.82191	-0.25315	-0.84061	0.10351	-5.8804	-4.4387	0.2049	-0.23932	-0.052231	0.34743
49	-0.4255	0.00030928	-0.11563	-0.12356	-0.46546	0.12312	0.38099	-0.14923	-0.029877	0.07978	-0.083119	-0.12813	-1.3526	0.1314	0.43459	0.019209	0.12947	-0.080197	1.0476	-0.062384	-0.23769	0.43992	-0.34034	2.3181	-4.1204	-0.3416	0.060521	-0.097	0.24644	-0.059935	0.040756	1.8498	-0.21416	0.043964	-0.18057	-0.109	1.5454	-0.025037	-0.11819	0.13883	-10.888	-0.23343	-0.13369	-0.25311	-0.07272	-0.042002	0.5458	-0.5148	18.92	-2.2407	0.006369	0.25733	-0.032579	0.10454	0.13335	-0.15995	0.23792	-9.1281	0.56265	0.082867	-0.12289	0.76279	0.30916	0.69683	0.81285	0.27285
50	-0.46457	0.0061532	0.54817	-0.37098	0.09895	-0.40395	1.6969	-0.10856	-0.35399	-0.11471	0.030901	0.20937	0.039119	0.092554	-0.03776	-0.12961	-0.02465	0.10734	0.14549	-0.18408	-0.03863	-0.26829	-0.24253	0.66953	1.7883	-0.12847	0.012538	-0.19817	0.053824	-0.021051	-0.032271	-0.58267	0.37761	-0.092493	0.40513	0.15475	0.48245	0.006342	0.21567	0.064808	-1.2207	-0.13936	-0.13452	0.27141	0.41796	0.10237	-3.1366	0.60795	-2.2407	8.9844	-0.067527	-0.27186	0.098213	-0.06345	-0.66352	0.0096002	0.22515	0.73227	0.97987	0.31487	-0.44437	-7.6805	-0.65705	0.35783	0.17508	-0.0034771
51	0.31998	0.14663	1.323	1.307	0.26451	0.50995	0.094337	0.74613	-0.2164	-0.34737	-0.96603	0.40834	0.045379	0.19372	-0.17832	-0.49396	-0.35893	1.9655	-0.32747	-0.084906	-0.048096	0.052055	-0.43733	0.14895	-0.013998	-0.27985	-1.2258	-0.38832	-0.075894	0.71316	-0.079848	0.23385	-0.10467	0.081237	0.006977	1.217	1.1289	-0.17954	-1.1712	-1.0289	0.52118	0.19342	0.16996	-4.941	2.1269	-0.74093	-0.13816	0.48306	0.006369	-0.067527	10.028	-0.24653	-2.9827	-0.10532	-0.30703	0.017246	-3.8928	0.10578	0.014249	-0.2705	-0.17652	0.057864	-2.4326	1.042	-1.7781	0.35523
52	-0.026223	-0.051837	-32.282	-0.11154	0.17518	-0.26599	-4.8158	0.028974	-0.13594	-0.23034	0.15094	0.33453	0.27905	0.18998	-0.22131	2.2746	-0.13296	0.070059	-0.25047	-0.14893	-0.083811	-0.068578	-0.25528	0.18271	-0.37112	-0.089017	-0.69459	-0.35937	0.082044	0.02358	-0.61613	0.28235	2.5795	0.0040253	-0.19225	2.3333	-0.65254	0.20992	-9.1816	-0.081685	0.36487	0.073245	0.079056	0.06041	0.11751	7.1999	-0.20626	1.2809	0.25733	-0.27186	-0.24653	37.904	-0.3861	-0.106	-3.7053	-0.0037234	0.31694	0.18604	2.3481	-0.022178	0.86266	-3.4103	-0.18488	-0.0087041	0.087158	-0.29237
53	-0.19317	-0.036887	0.7185	-0.96205	-0.20132	-2.0358	0.55276	0.35266	-0.0028544	-0.091253	-0.97429	0.006818	-0.10992	-0.088902	-0.076796	2.8355	-0.11444	-4.8538	0.09344	0.25413	-0.22559	0.043936	0.48489	0.14757	-0.085586	-0.22324	0.56498	-0.01565	0.26658	4.8609	-15.872	0.054154	-0.11045	-0.15844	-6.078	5.844	-0.074966	0.31072	0.15309	0.067519	0.19906	0.11773	0.023472	0.7917	-0.26401	0.5916	0.013884	-0.26076	-0.032579	0.098213	-2.9827	-0.3861	18.517	0.065122	-0.79806	0.21882	-1.3112	-0.018468	-0.29749	-0.0024796	-0.028836	-0.33694	0.75641	-0.27817	0.91206	-0.24156
54	-0.91147	-0.88309	-0.089926	-0.077565	4.038	0.004957	-0.020271	0.47427	-0.41983	0.23988	-0.25773	0.58902	0.42305	-0.037566	0.49199	-0.042678	-1.3143	0.1126	-0.42956	-0.14857	1.3148	-0.85947	-0.12032	0.82542	0.041065	-0.53619	0.0054558	-0.095783	-1.7047	-0.041854	0.12655	0.3962	0.043937	3.0074	0.00716	-0.14647	0.10306	-1.4771	0.22488	1.6087	0.45351	-0.58018	-9.7837	-0.063505	-0.71802	0.23084	0.24681	0.045403	0.10454	-0.06345	-0.10532	-0.106	0.065122	22.045	-0.4103	-4.7424	0.04259	-0.034346	0.15592	-12.066	-0.045566	0.27819	0.15251	0.35008	0.24968	-0.39868
55	-0.1604	-0.045038	-28.104	0.095371	0.39015	-0.98584	3.1718	0.047587	0.34687	-0.28957	0.17911	-0.3209	0.13946	0.31275	0.05868	1.5715	-0.20737	2.1722	-0.2543	-0.27506	-0.17418	-0.051164	-0.041129	-0.069392	-0.20591	-0.32259	0.60277	-0.065047	0.16546	0.025145	0.8673	0.28445	-1.1651	-0.1671	-0.34529	-0.97531	0.16335	0.31233	3.7058	0.023727	0.53675	0.10008	0.34022	0.59747	0.49636	-30.987	-0.42752	-0.54217	0.13335	-0.66352	-0.30703	-3.7053	-0.79806	-0.4103	57.693	-0.25861	0.067446	0.27824	-0.014815	0.44641	-0.30789	-1.2458	-1.2131	0.063784	0.14609	-0.24019
56	-0.070765	0.47487	0.11496	-0.66446	-4.6674	-0.58477	-0.34384	0.13	-0.073989	-0.14285	-0.10714	0.61515	0.76526	0.23831	0.40302	0.15103	1.2841	-0.0094528	-0.7303	-0.34258	0.067089	1.9882	-0.22819	-12.646	0.15848	0.1315	0.018818	-0.26139	-0.41883	-0.038962	-0.026328	0.36775	-0.071589	-0.89809	0.65124	-0.039589	0.32913	-0.49557	0.18702	-0.17253	0.070266	-0.88116	4.1335	-0.011221	0.051551	0.0027373	-1.5734	0.42307	-0.15995	0.0096002	0.017246	-0.0037234	0.21882	-4.7424	-0.25861	53.975	0.46863	2.3814	0.12682	-39.315	0.01499	0.04675	-0.26562	0.39565	0.13094	-0.20771
57	0.24242	-0.058258	-0.33655	0.25471	-0.50476	6.1923	0.32365	-0.078462	-0.076219	0.11306	0.69403	-0.35645	-0.48544	-0.25476	-0.26491	-1.851	-0.1482	0.16467	0.58365	0.41321	0.11135	0.081181	2.0177	0.2855	-0.12046	0.13733	0.21859	1.4341	0.0052028	-2.7277	0.9475	-0.26221	0.19018	-0.034205	-11.131	-0.17173	-4.5945	-0.21741	-0.73246	0.04212	-0.21052	0.15265	-0.072102	2.1117	-0.39621	0.18862	0.29987	-0.82191	0.23792	0.22515	-3.8928	0.31694	-1.3112	0.04259	0.067446	0.46863	14.822	-0.17357	0.84627	0.10313	-0.41113	0.047351	0.37555	0.49082	-3.8566	0.24858
58	0.06901	-0.22888	-0.10289	0.17345	-0.69016	0.18862	0.22587	-0.10884	-0.057622	0.14411	-0.010611	-0.042694	-0.91539	-0.11377	0.03304	-0.063739	1.5094	0.030833	0.88305	0.040037	-0.15113	-4.0686	0.078671	-4.6956	-1.1974	-0.048003	-0.017015	0.13069	0.23497	-0.015869	0.017145	0.54017	0.071332	0.17401	-0.15883	-0.13989	-0.28068	0.27946	-0.16016	0.01152	3.4882	0.95135	-0.49269	0.1005	-0.50764	-0.10354	-6.2267	-0.25315	-9.1281	0.73227	0.10578	0.18604	-0.018468	-0.034346	0.27824	2.3814	-0.17357	15.994	-0.22418	-0.045847	0.048484	-0.060091	-0.14561	0.049147	-0.0089567	1.451
59	0.3504	-0.01824	-0.53257	0.028301	-0.36897	0.083949	3.7602	-0.20741	-0.1373	0.11607	-0.056809	-0.21444	-0.15814	-0.026785	0.30166	0.55341	0.23925	-0.55024	0.22708	0.14067	-0.2411	0.052896	5.4873	-0.15569	0.66875	-0.074398	0.12382	-1.4221	0.2098	2.271	0.10705	-0.40939	-7.6882	0.0089982	-1.3389	-0.13792	-12.686	0.11688	0.29555	0.10668	-2.8932	-0.10218	-0.15466	-0.11892	-0.038922	-0.6211	0.24343	-0.84061	0.56265	0.97987	0.014249	2.3481	-0.29749	0.15592	-0.014815	0.12682	0.84627	-0.22418	21.944	-0.067831	-1.7113	-9.8173	0.32254	0.046127	0.31424	0.12394
60	0.6415	0.41018	0.27295	-0.063129	-4.8788	-0.038189	-0.01786	-0.14389	0.16741	-0.36982	0.16282	-0.54879	-0.2661	0.22139	0.090835	0.066232	2.8227	-0.12018	0.17318	-0.067831	-0.7495	0.38101	0.0064548	3.5422	-0.051456	-0.23419	-0.07712	-0.010209	0.71897	-0.0059636	-0.12136	0.057893	-0.039606	1.3468	0.079696	0.33432	0.052959	0.91836	-0.31933	-0.69523	-0.27444	-0.042009	-1.2659	-0.1405	0.72824	-0.34778	-0.91837	0.10351	0.082867	0.31487	-0.2705	-0.022178	-0.0024796	-12.066	0.44641	-39.315	0.10313	-0.045847	-0.067831	50.573	0.028633	-0.24828	0.80444	-0.1341	-0.094518	-1.3958
